
Find two points
Find three points
Find Four Points
Extending ConvexHull
('Ori Face: ', [-1.0, 1.0, 1.0], [1.0, 1.0, -1.0], [1.0, -1.0, 1.0])
('Current vertex: ', [-1.0, -1.0, 1.0])
('Current Face: ', [1.0, 1.0, -1.0], [-1.0, 1.0, 1.0], [1.0, 1.0, 1.0])
-8.0
('Add face: ', [-1.0, 1.0, 1.0], [1.0, 1.0, -1.0], [-1.0, -1.0, 1.0])
('Current vertex: ', [-1.0, -1.0, 1.0])
('Current Face: ', [1.0, -1.0, 1.0], [1.0, 1.0, -1.0], [1.0, 1.0, 1.0])
-8.0
('Add face: ', [1.0, 1.0, -1.0], [1.0, -1.0, 1.0], [-1.0, -1.0, 1.0])
('Current vertex: ', [-1.0, -1.0, 1.0])
('Current Face: ', [1.0, 1.0, 1.0], [-1.0, 1.0, 1.0], [1.0, -1.0, 1.0])
0.0
('Add face: ', [1.0, -1.0, 1.0], [-1.0, 1.0, 1.0], [-1.0, -1.0, 1.0])
('Ori Face: ', [-1.0, 1.0, 1.0], [1.0, 1.0, -1.0], [-1.0, -1.0, 1.0])
('Current vertex: ', [-1.0, 1.0, -1.0])
('Current Face: ', [1.0, 1.0, -1.0], [-1.0, 1.0, 1.0], [1.0, 1.0, 1.0])
0.0
('Add face: ', [-1.0, 1.0, 1.0], [1.0, 1.0, -1.0], [-1.0, 1.0, -1.0])
('Current vertex: ', [-1.0, 1.0, -1.0])
('Current Face: ', [1.0, 1.0, -1.0], [1.0, -1.0, 1.0], [-1.0, -1.0, 1.0])
-0.0
('Add face: ', [1.0, 1.0, -1.0], [-1.0, -1.0, 1.0], [-1.0, 1.0, -1.0])
('Current vertex: ', [-1.0, 1.0, -1.0])
('Current Face: ', [1.0, -1.0, 1.0], [-1.0, 1.0, 1.0], [-1.0, -1.0, 1.0])
-8.0
('Add face: ', [-1.0, -1.0, 1.0], [-1.0, 1.0, 1.0], [-1.0, 1.0, -1.0])
('Ori Face: ', [1.0, 1.0, -1.0], [1.0, -1.0, 1.0], [-1.0, -1.0, 1.0])
('Current vertex: ', [1.0, -1.0, -1.0])
('Current Face: ', [1.0, -1.0, 1.0], [1.0, 1.0, -1.0], [1.0, 1.0, 1.0])
0.0
('Add face: ', [1.0, 1.0, -1.0], [1.0, -1.0, 1.0], [1.0, -1.0, -1.0])
('Current vertex: ', [1.0, -1.0, -1.0])
('Current Face: ', [1.0, -1.0, 1.0], [-1.0, 1.0, 1.0], [-1.0, -1.0, 1.0])
-8.0
('Add face: ', [1.0, -1.0, 1.0], [-1.0, -1.0, 1.0], [1.0, -1.0, -1.0])
('Current vertex: ', [1.0, -1.0, -1.0])
('Current Face: ', [1.0, 1.0, -1.0], [-1.0, -1.0, 1.0], [-1.0, 1.0, -1.0])
8.0
Visible to P
('Ori Face: ', [1.0, 1.0, -1.0], [-1.0, -1.0, 1.0], [-1.0, 1.0, -1.0])
('Current vertex: ', [1.0, -1.0, -1.0])
('Current vertex: ', [1.0, -1.0, -1.0])
('Current Face: ', [-1.0, -1.0, 1.0], [-1.0, 1.0, 1.0], [-1.0, 1.0, -1.0])
-8.0
('Add face: ', [-1.0, -1.0, 1.0], [-1.0, 1.0, -1.0], [1.0, -1.0, -1.0])
('Current vertex: ', [1.0, -1.0, -1.0])
('Current Face: ', [-1.0, 1.0, 1.0], [1.0, 1.0, -1.0], [-1.0, 1.0, -1.0])
-8.0
('Add face: ', [-1.0, 1.0, -1.0], [1.0, 1.0, -1.0], [1.0, -1.0, -1.0])
('Ori Face: ', [-1.0, -1.0, 1.0], [-1.0, 1.0, -1.0], [1.0, -1.0, -1.0])
('Current vertex: ', [-1.0, -1.0, -1.0])
('Current Face: ', [-1.0, -1.0, 1.0], [-1.0, 1.0, 1.0], [-1.0, 1.0, -1.0])
0.0
('Add face: ', [-1.0, -1.0, 1.0], [-1.0, 1.0, -1.0], [-1.0, -1.0, -1.0])
('Current vertex: ', [-1.0, -1.0, -1.0])
('Current Face: ', [-1.0, 1.0, -1.0], [1.0, 1.0, -1.0], [1.0, -1.0, -1.0])
0.0
('Add face: ', [-1.0, 1.0, -1.0], [1.0, -1.0, -1.0], [-1.0, -1.0, -1.0])
('Current vertex: ', [-1.0, -1.0, -1.0])
('Current Face: ', [1.0, -1.0, 1.0], [-1.0, -1.0, 1.0], [1.0, -1.0, -1.0])
0.0
('Add face: ', [1.0, -1.0, -1.0], [-1.0, -1.0, 1.0], [-1.0, -1.0, -1.0])


('Calculated Faces: ', [1.0, -1.0, 1.0], [1.0, 1.0, -1.0], [1.0, 1.0, 1.0])
('Calculated Faces: ', [1.0, 1.0, -1.0], [-1.0, 1.0, 1.0], [1.0, 1.0, 1.0])
('Calculated Faces: ', [1.0, 1.0, 1.0], [-1.0, 1.0, 1.0], [1.0, -1.0, 1.0])
('Calculated Faces: ', [1.0, 1.0, -1.0], [1.0, -1.0, 1.0], [-1.0, -1.0, 1.0]) ?????????????????
('Calculated Faces: ', [1.0, -1.0, 1.0], [-1.0, 1.0, 1.0], [-1.0, -1.0, 1.0])
('Calculated Faces: ', [-1.0, 1.0, 1.0], [1.0, 1.0, -1.0], [-1.0, 1.0, -1.0])
('Calculated Faces: ', [-1.0, -1.0, 1.0], [-1.0, 1.0, 1.0], [-1.0, 1.0, -1.0])
('Calculated Faces: ', [1.0, 1.0, -1.0], [1.0, -1.0, 1.0], [1.0, -1.0, -1.0])
('Calculated Faces: ', [1.0, -1.0, 1.0], [-1.0, -1.0, 1.0], [1.0, -1.0, -1.0])
('Calculated Faces: ', [-1.0, 1.0, -1.0], [1.0, 1.0, -1.0], [1.0, -1.0, -1.0])
('Calculated Faces: ', [-1.0, -1.0, 1.0], [-1.0, 1.0, -1.0], [-1.0, -1.0, -1.0])
('Calculated Faces: ', [-1.0, 1.0, -1.0], [1.0, -1.0, -1.0], [-1.0, -1.0, -1.0])
('Calculated Faces: ', [1.0, -1.0, -1.0], [-1.0, -1.0, 1.0], [-1.0, -1.0, -1.0])